-3.002515114727835
-0.2757454598676947
3.967927498577046
-0.7492606829421655
-2.7455607182117916
-4.999051739830687
4.616415425619877
-2.787048126111608
-4.5814428731103245
-2.858988140010293
1.7938713493680112
2.891220705561195
4.703399813680845
2.174407156391184
0.8921249179279265
2.685266830959991
0.7380490726031823
0.41887439310082364
4.783681113510532
-3.3984897690054283
-4.240024787635396
-0.7780173553065994
-2.2219628013207773
2.1027212177771855
3.559608984003317
-1.9459530234374345
-4.79366197621661
-2.1220107095915672
-1.624286337594775
4.176604675479593
