-3.002515114727835
-0.2757454598676947
3.967927498577046
-0.7492606829421655
1.00890575938831
1.719796978166885
4.079882982587996
-2.787048126111608
4.925283870941527
-2.858988140010293
1.7938713493680112
4.9852011113133265
1.1558775679863755
2.174407156391184
0.8921249179279265
-4.105410740141392
0.7380490726031823
0.41887439310082364
2.6518278066560717
3.628939668234981
-3.1382112002372464
-0.7780173553065994
-2.2219628013207773
2.1027212177771855
1.9090625135669264
1.7387693444418577
-4.860142428419624
-0.7038920601679699
3.4463165999221896
4.120992001587737
