-3.002515114727835
4.167472057297285
3.967927498577046
-0.4234277195879388
1.00890575938831
1.719796978166885
4.079882982587996
-2.787048126111608
-3.950879167735677
-2.858988140010293
1.7938713493680112
4.9852011113133265
0.9264947675939714
2.174407156391184
0.8921249179279265
-4.105410740141392
-3.4114848008651153
0.41887439310082364
-2.091403846044444
-3.285145644957298
0.3864415773282843
2.0930917102800155
-2.2219628013207773
2.9675104378000503
1.9090625135669264
1.7387693444418577
-3.3311467294190855
2.8876428563936054
3.4463165999221896
4.176604675479593
