-0.21927140846216808
4.167472057297285
-4.871766524970052
-0.4234277195879388
1.00890575938831
-4.999051739830687
4.079882982587996
-1.4744022983368241
4.925283870941527
-3.3477794197587505
-4.388235957991667
1.5571580611974367
-4.969021844544739
1.7728877148503912
-1.3156957719585427
-4.105410740141392
-1.8245079792241792
-1.9992390007081005
-4.688953417442617
0.7736990100575127
-3.9311188242780193
-0.7780173553065994
-2.2219628013207773
4.4107131413101595
3.924159596567222
2.8935024879191404
1.2674221674594088
-0.7038920601679699
3.4463165999221896
4.176604675479593
