-2.724402260154114
0.12540647852494402
0.2679803537464487
-0.4234277195879388
1.00890575938831
-4.999051739830687
2.1084996487105414
-1.4744022983368241
4.925283870941527
-2.858988140010293
-4.388235957991667
4.9852011113133265
1.1558775679863755
-2.1593187134007916
-1.3156957719585427
-4.069281841358641
0.8900295561362377
-1.9992390007081005
-3.5223320170664096
0.7736990100575127
0.3864415773282843
-0.7780173553065994
-2.2219628013207773
2.9675104378000503
1.9090625135669264
-3.926265360895634
1.2674221674594088
-0.7038920601679699
3.4463165999221896
4.120992001587737
